56052
144245
440138
79087
79868
199857
10016
10195
29880
29929
79053
79796
162
164
8907
1174
8905
8546
8120
8943
26985
10947
1176
10239
375
439
4287
8708
8707
10317
2683
8704
7917
10134
10282
3309
56913
801
811
821
1211
1212
1213
1314
1315
9276
372
11316
22820
22818
51226
29071
8454
1603
1650
79139
91319
64215
22845
57171
1798
8813
8818
54344
9695
55741
80267
27248
11253
30001
56605
2923
55763
55770
11336
60412
10640
23233
23265
149371
26232
2530
2589
55568
63917
114805
2590
2591
8693
11227
11226
51809
26290
50614
64409
23193
8729
9245
26088
23062
23163
9527
8733
7184
10525
79748
10960
4121
10905
57134
4122
10299
4245
4247
4248
11282
25834
4249
7841
8775
55768
55666
4905
10956
5034
5071
80055
65258
5277
9488
5279
5281
54872
5283
10026
9487
93183
23556
84720
51227
9091
94005
51604
128869
55650
284098
54965
84992
80235
10585
29954
10113
8624
56984
84262
389362
5716
5717
5718
5719
10213
5710
5711
9861
5713
5714
5715
5682
5683
5684
5685
5686
5688
143471
5689
5699
122706
5690
5691
5692
5693
5694
5695
5696
5698
5861
51560
51762
5886
55065
6048
5708
5707
6238
51128
23478
90701
6396
9919
89866
9554
10484
10802
22872
29927
10952
23480
7095
11231
6400
27230
6477
6478
64374
6500
28972
9789
60559
6727
6728
6729
6730
6731
6734
58477
6745
6746
6747
6748
6487
6480
3703
201595
8676
23673
8675
53407
415117
112755
6810
6811
10228
8417
9482
84447
8202
58485
7157
27095
51399
126003
79090
122553
7317
79876
7318
7323
7325
7326
7327
118424
10277
7314
7353
56886
55757
65264
7415
55829
7485
55611
