11764
11765
11767
11769
108012
11774
11775
11776
55946
64933
11777
11778
12757
74325
67300
106039
74105
260302
270192
74732
100226
228960
58244
53331
11840
12847
70349
50797
213827
59042
54161
56447
56358
107338
71116
55943
268470
12068
53334
235416
66890
108124
18195
50907
19324
66397
110379
227648
89867
20333
20334
77371
69162
56389
245828
22059
27096
60409
66682
67091
78232
208211
380959
207958
223774
67574
66789
18570
66248
320438
381903
102580
227697
13478
52710
208624
13135
13200
57170
13480
13481
68563
14376
99011
217734
21762
70247
16430
68292
110616
27061
26965
67819
70377
192193
108687
66967
230904
223455
59007
217365
50873
56088
107047
66506
69666
53380
69077
66997
23997
59029
19185
66998
66413
17463
57296
67151
26440
19166
19167
26441
26442
26444
73677
19170
19171
73902
26445
26446
19172
19173
19175
19177
16913
16912
19358
54197
20338
20438
20439
21402
74126
22201
66663
74153
66105
218793
67128
22213
140499
63958
22187
22230
269523
109815
107260
26877
26878
93961
14595
53418
94192
59048
53618
14423
171212
231050
271786
108148
14425
14426
241391
207839
108150
231605
212996
72077
17155
17156
230815
140481
17308
217664
17309
103534
67569
107895
20441
20440
241062
18700
55981
67292
18701
433931
110417
327942
67556
27392
56703
56176
14755
228812
230801
70325
72084
66268
239827
14731
225651
329777
276846
78928
14828
12317
12330
66753
227619
50527
67475
14827
22027
12282
57377
216440
18453
81500
320011
66435
69940
66482
211446
20336
105504
75914
53413
102058
235442
68159
56216
20909
56495
224727
12313
13418
81910
56529
66286
53421
66212
20335
69276
140740
28146
69019
66624
76687
20813
66384
24067
217337
66661
67398
20818
107513
66256
67437
20832
17979
71446
